##FastQC	0.11.5
>>Basic Statistics	pass
#Measure	Value
Filename	Macmini1_R1_cor_trim.fq.gz
File type	Conventional base calls
Encoding	Sanger / Illumina 1.9
Total Sequences	4382
Sequences flagged as poor quality	0
Sequence length	38-101
%GC	51
>>END_MODULE
>>Per base sequence quality	fail
#Base	Mean	Median	Lower Quartile	Upper Quartile	10th Percentile	90th Percentile
1	21.62893655864902	18.0	18.0	25.0	18.0	32.0
2	29.41602008215427	30.0	27.0	31.0	27.0	33.0
3	30.355773619351893	31.0	29.0	33.0	27.0	33.0
4	31.66704701049749	33.0	31.0	33.0	29.0	33.0
5	32.60657234139662	33.0	33.0	33.0	32.0	34.0
6	36.501597444089455	38.0	37.0	38.0	34.0	38.0
7	36.87471474212688	38.0	38.0	38.0	35.0	38.0
8	36.84915563669557	38.0	38.0	38.0	35.0	38.0
9	37.09219534459151	38.0	38.0	38.0	36.0	38.0
10-11	37.04906435417618	38.0	38.0	38.0	36.0	38.0
12-13	37.158032861706985	38.0	38.0	38.0	36.5	38.0
14-15	37.213715198539475	38.0	38.0	38.0	36.5	38.0
16-17	37.139434048379734	38.0	38.0	38.0	36.5	38.0
18-19	37.2035600182565	38.0	38.0	38.0	36.5	38.0
20-21	37.15597900502054	38.0	38.0	38.0	36.5	38.0
22-23	37.13190324052944	38.0	38.0	38.0	36.0	38.0
24-25	37.14890460976723	38.0	38.0	38.0	36.0	38.0
26-27	37.170470104974896	38.0	38.0	38.0	36.5	38.0
28-29	37.10109539023277	38.0	38.0	38.0	36.0	38.0
30-31	37.10782747603834	38.0	38.0	38.0	36.0	38.0
32-33	37.1631675034231	38.0	38.0	38.0	37.0	38.0
34-35	37.167731629392975	38.0	38.0	38.0	37.0	38.0
36-37	37.21782291191237	38.0	38.0	38.0	37.0	38.0
38-39	37.189773357443364	38.0	38.0	38.0	36.5	38.0
40-41	37.15365296803653	38.0	38.0	38.0	36.5	38.0
42-43	37.172413793103445	38.0	38.0	38.0	36.5	38.0
44-45	37.156121516674276	38.0	38.0	38.0	36.0	38.0
46-47	37.1587588216082	38.0	38.0	38.0	36.0	38.0
48-49	37.09545038866027	38.0	38.0	38.0	36.0	38.0
50-51	37.17242167848159	38.0	38.0	38.0	36.5	38.0
52-53	37.0363594786188	38.0	38.0	38.0	36.0	38.0
54-55	37.05547929535575	38.0	38.0	38.0	36.0	38.0
56-57	37.032611707301236	38.0	38.0	38.0	36.0	38.0
58-59	37.01350735220757	38.0	38.0	38.0	36.0	38.0
60-61	37.06982600732601	38.0	38.0	38.0	36.0	38.0
62-63	37.01111801774498	38.0	38.0	38.0	36.0	38.0
64-65	36.96525205325477	38.0	38.0	38.0	36.0	38.0
66-67	36.92473414253337	38.0	38.0	38.0	35.0	38.0
68-69	36.93564083723416	38.0	38.0	38.0	35.5	38.0
70-71	36.937157872396014	38.0	38.0	38.0	36.0	38.0
72-73	36.945877475817596	38.0	38.0	38.0	35.5	38.0
74-75	36.88120585133443	38.0	38.0	38.0	35.0	38.0
76-77	36.84146488638123	38.0	38.0	38.0	35.0	38.0
78-79	36.76640994496563	38.0	38.0	38.0	35.0	38.0
80-81	36.70893246660489	38.0	38.0	38.0	34.5	38.0
82-83	36.694953540914355	38.0	38.0	38.0	34.0	38.0
84-85	36.66993706710122	38.0	38.0	38.0	34.5	38.0
86-87	36.73561079554079	38.0	38.0	38.0	35.0	38.0
88-89	36.63739305885804	38.0	38.0	38.0	34.0	38.0
90-91	36.644571295433366	38.0	38.0	38.0	34.0	38.0
92-93	36.5426333680235	38.0	38.0	38.0	34.0	38.0
94-95	36.50495575515309	38.0	38.0	38.0	34.0	38.0
96-97	36.49141583068	38.0	38.0	38.0	34.0	38.0
98-99	36.49838026984398	38.0	38.0	38.0	34.0	38.0
100-101	35.771132577567485	38.0	36.5	38.0	31.0	38.0
>>END_MODULE
>>Per tile sequence quality	pass
#Tile	Base	Mean
1106	1	0.0
1106	2	0.0
1106	3	0.0
1106	4	0.0
1106	5	0.0
1106	6	0.0
1106	7	0.0
1106	8	0.0
1106	9	0.0
1106	10-11	0.0
1106	12-13	0.0
1106	14-15	0.0
1106	16-17	0.0
1106	18-19	0.0
1106	20-21	0.0
1106	22-23	0.0
1106	24-25	0.0
1106	26-27	0.0
1106	28-29	0.0
1106	30-31	0.0
1106	32-33	0.0
1106	34-35	0.0
1106	36-37	0.0
1106	38-39	0.0
1106	40-41	0.0
1106	42-43	0.0
1106	44-45	0.0
1106	46-47	0.0
1106	48-49	0.0
1106	50-51	0.0
1106	52-53	0.0
1106	54-55	0.0
1106	56-57	0.0
1106	58-59	0.0
1106	60-61	0.0
1106	62-63	0.0
1106	64-65	0.0
1106	66-67	0.0
1106	68-69	0.0
1106	70-71	0.0
1106	72-73	0.0
1106	74-75	0.0
1106	76-77	0.0
1106	78-79	0.0
1106	80-81	0.0
1106	82-83	0.0
1106	84-85	0.0
1106	86-87	0.0
1106	88-89	0.0
1106	90-91	0.0
1106	92-93	0.0
1106	94-95	0.0
1106	96-97	0.0
1106	98-99	0.0
1106	100-101	0.0
>>END_MODULE
>>Per sequence quality scores	pass
#Quality	Count
17	1.0
18	0.0
19	0.0
20	2.0
21	5.0
22	8.0
23	4.0
24	10.0
25	8.0
26	19.0
27	24.0
28	26.0
29	29.0
30	41.0
31	52.0
32	73.0
33	85.0
34	143.0
35	217.0
36	578.0
37	3057.0
>>END_MODULE
>>Per base sequence content	warn
#Base	G	A	T	C
1	32.291191236878134	7.576449109995435	19.671382930168875	40.460976722957554
2	28.366042902784116	11.980830670926517	29.940666362391603	29.712460063897762
3	27.316293929712458	14.19443176631675	20.515746234596076	37.973528069374716
4	31.150159744408946	21.13190324052944	18.119580100410772	29.598356914650843
5	30.41989958922866	25.148334094020996	23.27704244637152	21.154723870378824
6	26.198083067092654	30.762209036969416	21.474212688270196	21.56549520766773
7	22.592423550890004	22.91191236878138	36.03377453217709	18.46188954815153
8	23.34550433591967	24.258329529895025	28.434504792332266	23.961661341853034
9	24.281150159744406	20.104974897307166	32.0629849383843	23.550890004564128
10-11	27.21360109539023	28.548607941579185	21.97626654495664	22.26152441807394
12-13	27.293473299863074	22.774988589685073	24.7147421268827	25.216795983569146
14-15	26.677316293929714	23.50524874486536	25.17115472387038	24.64628023733455
16-17	26.49475125513464	25.06846188954815	23.39114559561844	25.04564125969877
18-19	26.038338658146966	24.497946143313555	24.21268827019626	25.251026928343222
20-21	26.026928343222274	25.581926061159287	24.132816065723414	24.258329529895025
22-23	27.190780465540847	24.897307165677773	23.950251026928342	23.961661341853034
24-25	26.825650387950706	24.303970789593794	22.489730716567777	26.380648105887722
26-27	26.17526243724327	25.06846188954815	24.657690552259243	24.09858512094934
28-29	26.54039251483341	24.09858512094934	23.893199452304884	25.467822911912368
30-31	26.49475125513464	24.64628023733455	24.269739844819718	24.58922866271109
32-33	25.844363304427205	24.246919214970333	24.82884527612962	25.079872204472842
34-35	26.266544956640804	24.965769055225927	23.573710634413512	25.19397535371976
36-37	26.026928343222274	24.383842994066637	24.246919214970333	25.342309447740757
38-39	26.828711628437752	24.283921031610177	24.489330138080568	24.398037201871507
40-41	27.077625570776252	25.62785388127854	22.910958904109588	24.383561643835616
42-43	26.1703585293446	25.222653573875313	23.692623886732132	24.914364010047958
44-45	26.49611694837826	25.365463682046595	23.37825491091823	24.760164458656924
46-47	26.220139444507947	24.379929134758257	23.979883415247457	25.42004800548634
48-49	26.188843164151805	24.72565157750343	23.25102880658436	25.834476451760402
50-51	27.052366796249714	24.30825520237823	24.171049622684656	24.468328378687403
52-53	26.709352847015776	24.891378916075922	23.107706380059454	25.291561856848844
54-55	26.584305650880808	24.651109585907115	23.27842598947609	25.48615877373599
56-57	26.08994164092001	24.796887515734063	23.68692070030896	25.42625014303696
58-59	27.068787913471443	24.985693029644043	22.811033535538513	25.134485521346
60-61	26.350732600732602	24.48489010989011	24.13003663003663	25.03434065934066
62-63	26.05407882676444	25.73327222731439	23.26993583868011	24.94271310724106
64-65	26.8432519206513	24.893934181859876	22.93314986813439	25.329664029354433
66-67	26.127366609294324	24.612736660929432	23.602983362019504	25.65691336775674
68-69	26.873563218390807	24.620689655172416	23.137931034482758	25.36781609195402
70-71	26.634438305709025	24.49355432780847	23.19290976058932	25.679097605893187
72-73	26.520036849378165	24.74666052510364	23.341777982496545	25.39152464302165
74-75	26.650535776011065	24.50743173176633	24.311556630948267	24.53047586127434
76-77	26.965644454692182	24.90200599492737	23.034355545307818	25.097994005072632
78-79	26.790665434380777	24.560998151571166	23.23243992606285	25.41589648798521
80-81	25.795993979390992	24.83501215699896	24.44135695264559	24.927636910964456
82-83	27.014492753623188	24.8	23.246376811594203	24.93913043478261
84-85	27.060327792630478	25.45623619667558	22.701383238405207	24.782052772288736
86-87	26.868451688009316	25.36670547147846	22.700814901047732	25.064027939464495
88-89	26.81421083284799	24.484566103669188	23.739079790331974	24.962143273150843
90-91	26.33970177073625	25.093196644920784	23.70689655172414	24.860205032618826
92-93	27.015047241339087	24.79878688907034	22.86247521287764	25.323690656712937
94-95	26.794258373205743	25.463881433072704	23.23491655969191	24.50694363402964
96-97	27.308814944541737	24.553415061295972	23.02393461762989	25.1138353765324
98-99	26.711848562748308	25.59009114279037	23.229726571628888	24.46833372283244
100-101	27.177159240234143	24.54903834667304	23.067733843029504	25.206068570063312
>>END_MODULE
>>Per sequence GC content	warn
#GC Content	Count
0	0.0
1	0.0
2	0.0
3	0.0
4	0.0
5	0.0
6	0.0
7	0.0
8	0.0
9	0.0
10	0.5
11	1.0
12	0.5
13	0.0
14	0.0
15	0.0
16	0.0
17	0.5
18	1.0
19	1.0
20	2.0
21	3.0
22	3.0
23	2.0
24	1.5
25	4.0
26	7.5
27	9.0
28	9.5
29	12.0
30	23.0
31	32.5
32	38.0
33	50.0
34	61.0
35	66.0
36	68.0
37	75.0
38	83.5
39	88.0
40	93.5
41	93.0
42	99.0
43	112.0
44	98.5
45	97.5
46	122.0
47	120.0
48	124.5
49	143.0
50	144.0
51	131.5
52	129.5
53	144.0
54	154.0
55	155.0
56	147.0
57	144.5
58	138.0
59	134.0
60	133.5
61	131.0
62	125.5
63	119.5
64	117.0
65	98.0
66	84.0
67	73.5
68	64.0
69	56.0
70	47.5
71	43.5
72	37.0
73	29.5
74	26.5
75	24.5
76	15.0
77	9.5
78	7.5
79	4.0
80	1.5
81	1.0
82	2.0
83	2.0
84	0.5
85	0.0
86	0.0
87	0.0
88	0.0
89	0.0
90	0.0
91	0.0
92	0.0
93	0.0
94	0.0
95	0.0
96	0.0
97	0.0
98	0.0
99	0.0
100	0.0
>>END_MODULE
>>Per base N content	pass
#Base	N-Count
1	0.0
2	0.0
3	0.0
4	0.0
5	0.0
6	0.0
7	0.0
8	0.0
9	0.0
10-11	0.0
12-13	0.0
14-15	0.0
16-17	0.0
18-19	0.0
20-21	0.0
22-23	0.0
24-25	0.0
26-27	0.0
28-29	0.0
30-31	0.0
32-33	0.0
34-35	0.0
36-37	0.0
38-39	0.0
40-41	0.0
42-43	0.0
44-45	0.0
46-47	0.0
48-49	0.0
50-51	0.0
52-53	0.0
54-55	0.0
56-57	0.0
58-59	0.0
60-61	0.0
62-63	0.0
64-65	0.0
66-67	0.0
68-69	0.0
70-71	0.0
72-73	0.0
74-75	0.0
76-77	0.0
78-79	0.0
80-81	0.0
82-83	0.0
84-85	0.0
86-87	0.0
88-89	0.0
90-91	0.0
92-93	0.0
94-95	0.0
96-97	0.0
98-99	0.0
100-101	0.0
>>END_MODULE
>>Sequence Length Distribution	warn
#Length	Count
38-39	2.0
40-41	1.0
42-43	1.0
44-45	3.0
46-47	1.0
48-49	1.0
50-51	0.0
52-53	2.0
54-55	1.0
56-57	1.0
58-59	1.0
60-61	2.0
62-63	4.0
64-65	4.0
66-67	6.0
68-69	7.0
70-71	3.0
72-73	2.0
74-75	2.0
76-77	6.0
78-79	12.0
80-81	6.0
82-83	8.0
84-85	10.0
86-87	3.0
88-89	1.0
90-91	5.0
92-93	2.0
94-95	2.0
96-97	3.0
98-99	21.0
100-101	4259.0
>>END_MODULE
>>Sequence Duplication Levels	pass
#Total Deduplicated Percentage	99.20127795527156
#Duplication Level	Percentage of deduplicated	Percentage of total
1	99.33287324591672	98.53947968963944
2	0.5291005291005291	1.0497489730716567
3	0.13802622498274672	0.4107713372889092
4	0.0	0.0
5	0.0	0.0
6	0.0	0.0
7	0.0	0.0
8	0.0	0.0
9	0.0	0.0
>10	0.0	0.0
>50	0.0	0.0
>100	0.0	0.0
>500	0.0	0.0
>1k	0.0	0.0
>5k	0.0	0.0
>10k+	0.0	0.0
>>END_MODULE
>>Overrepresented sequences	pass
>>END_MODULE
>>Adapter Content	pass
#Position	Illumina Universal Adapter	Illumina Small RNA 3' Adapter	Illumina Small RNA 5' Adapter	Nextera Transposase Sequence	SOLID Small RNA Adapter
1	0.0	0.0	0.0	0.0	0.0
2	0.0	0.0	0.0	0.0	0.0
3	0.0	0.0	0.0	0.0	0.0
4	0.0	0.0	0.0	0.0	0.0
5	0.0	0.0	0.0	0.0	0.0
6	0.0	0.0	0.0	0.0	0.0
7	0.0	0.0	0.0	0.0	0.0
8	0.0	0.0	0.0	0.0	0.0
9	0.0	0.0	0.0	0.0	0.0
10-11	0.0	0.0	0.0	0.0	0.0
12-13	0.0	0.0	0.0	0.0	0.0
14-15	0.0	0.0	0.0	0.0	0.0
16-17	0.0	0.0	0.0	0.0	0.0
18-19	0.0	0.0	0.0	0.0	0.0
20-21	0.0	0.0	0.0	0.0	0.0
22-23	0.0	0.0	0.0	0.0	0.0
24-25	0.0	0.0	0.0	0.0	0.0
26-27	0.0	0.0	0.0	0.0	0.0
28-29	0.0	0.0	0.0	0.0	0.0
30-31	0.0	0.0	0.0	0.0	0.0
32-33	0.0	0.0	0.0	0.0	0.0
34-35	0.0	0.0	0.0	0.0	0.0
36-37	0.0	0.0	0.0	0.0	0.0
38-39	0.0	0.0	0.0	0.0	0.0
40-41	0.0	0.0	0.0	0.0	0.0
42-43	0.0	0.0	0.0	0.0	0.0
44-45	0.0	0.0	0.0	0.0	0.0
46-47	0.0	0.0	0.0	0.0	0.0
48-49	0.0	0.0	0.0	0.0	0.0
50-51	0.0	0.0	0.0	0.0	0.0
52-53	0.0	0.0	0.0	0.0	0.0
54-55	0.0	0.0	0.0	0.0	0.0
56-57	0.0	0.0	0.0	0.0	0.0
58-59	0.0	0.0	0.0	0.0	0.0
60-61	0.0	0.0	0.0	0.0	0.0
62-63	0.0	0.0	0.0	0.0	0.0
64-65	0.0	0.0	0.0	0.0	0.0
66-67	0.0	0.0	0.0	0.0	0.0
68-69	0.0	0.0	0.0	0.0	0.0
70-71	0.0	0.0	0.0	0.0	0.0
72-73	0.0	0.0	0.0	0.0	0.0
74-75	0.0	0.0	0.0	0.0	0.0
76-77	0.0	0.0	0.0	0.0	0.0
78-79	0.0	0.0	0.0	0.0	0.0
80-81	0.0	0.0	0.0	0.0	0.0
82-83	0.0	0.0	0.0	0.0	0.0
84-85	0.07987220447284345	0.0	0.0	0.0	0.0
86-87	0.4792332268370607	0.0	0.0	0.0	0.0
88-89	0.8443633044272022	0.0	0.0	0.0	0.0
>>END_MODULE
>>Kmer Content	pass
>>END_MODULE
