##FastQC	0.11.5
>>Basic Statistics	pass
#Measure	Value
Filename	Macmini1_R1_cor_trim.fq.gz
File type	Conventional base calls
Encoding	Sanger / Illumina 1.9
Total Sequences	9503
Sequences flagged as poor quality	0
Sequence length	37-101
%GC	51
>>END_MODULE
>>Per base sequence quality	fail
#Base	Mean	Median	Lower Quartile	Upper Quartile	10th Percentile	90th Percentile
1	21.68199515942334	18.0	18.0	27.0	18.0	32.0
2	29.474060822898032	30.0	27.0	31.0	27.0	33.0
3	30.40292539198148	31.0	29.0	33.0	27.0	33.0
4	31.642639166578974	33.0	31.0	33.0	29.0	33.0
5	32.65368830895507	33.0	33.0	33.0	32.0	34.0
6	36.563085341471115	38.0	37.0	38.0	34.0	38.0
7	36.934126065453015	38.0	38.0	38.0	35.0	38.0
8	36.95917078817216	38.0	38.0	38.0	35.0	38.0
9	37.15058402609702	38.0	38.0	38.0	36.0	38.0
10-11	37.12327685993897	38.0	38.0	38.0	36.0	38.0
12-13	37.24281805745554	38.0	38.0	38.0	37.0	38.0
14-15	37.29101336420078	38.0	38.0	38.0	37.0	38.0
16-17	37.2080921814164	38.0	38.0	38.0	37.0	38.0
18-19	37.26696832579185	38.0	38.0	38.0	37.0	38.0
20-21	37.206040197832266	38.0	38.0	38.0	37.0	38.0
22-23	37.221561612122485	38.0	38.0	38.0	37.0	38.0
24-25	37.23492581290119	38.0	38.0	38.0	37.0	38.0
26-27	37.23618857202989	38.0	38.0	38.0	37.0	38.0
28-29	37.21756287488162	38.0	38.0	38.0	37.0	38.0
30-31	37.22166684204988	38.0	38.0	38.0	37.0	38.0
32-33	37.237661791013366	38.0	38.0	38.0	37.0	38.0
34-35	37.223508365779225	38.0	38.0	38.0	37.0	38.0
36-37	37.26318004840577	38.0	38.0	38.0	37.0	38.0
38-39	37.25253950824306	38.0	38.0	38.0	37.0	38.0
40-41	37.24697400273655	38.0	38.0	38.0	37.0	38.0
42-43	37.261065857347866	38.0	38.0	38.0	37.0	38.0
44-45	37.24981573128356	38.0	38.0	38.0	37.0	38.0
46-47	37.236295981619946	38.0	38.0	38.0	36.5	38.0
48-49	37.18982122006482	38.0	38.0	38.0	36.5	38.0
50-51	37.21394314862008	38.0	38.0	38.0	37.0	38.0
52-53	37.161933344981094	38.0	38.0	38.0	36.5	38.0
54-55	37.132439637704586	38.0	38.0	38.0	36.0	38.0
56-57	37.118427845092214	38.0	38.0	38.0	36.0	38.0
58-59	37.114867912927075	38.0	38.0	38.0	36.0	38.0
60-61	37.1214344027794	38.0	38.0	38.0	36.0	38.0
62-63	37.07197129590544	38.0	38.0	38.0	36.0	38.0
64-65	37.05838205916197	38.0	38.0	38.0	36.0	38.0
66-67	37.010457863234855	38.0	38.0	38.0	36.0	38.0
68-69	37.04803198171825	38.0	38.0	38.0	36.0	38.0
70-71	37.017342479880185	38.0	38.0	38.0	36.0	38.0
72-73	37.01607908163197	38.0	38.0	38.0	36.0	38.0
74-75	36.93613080749286	38.0	38.0	38.0	35.0	38.0
76-77	36.92707016604154	38.0	38.0	38.0	35.0	38.0
78-79	36.86613579662202	38.0	38.0	38.0	35.0	38.0
80-81	36.792413132681546	38.0	38.0	38.0	35.0	38.0
82-83	36.790559840838284	38.0	38.0	38.0	35.0	38.0
84-85	36.750881981263106	38.0	38.0	38.0	35.0	38.0
86-87	36.78226301674439	38.0	38.0	38.0	35.0	38.0
88-89	36.71844804643113	38.0	38.0	38.0	34.5	38.0
90-91	36.755392625650835	38.0	38.0	38.0	35.0	38.0
92-93	36.65211873976171	38.0	38.0	38.0	34.0	38.0
94-95	36.614875023000195	38.0	38.0	38.0	34.0	38.0
96-97	36.58740800313453	38.0	38.0	38.0	34.0	38.0
98-99	36.57600591761981	38.0	38.0	38.0	34.0	38.0
100-101	35.867128971580044	38.0	36.5	38.0	31.5	38.0
>>END_MODULE
>>Per tile sequence quality	pass
#Tile	Base	Mean
1106	1	0.0
1106	2	0.0
1106	3	0.0
1106	4	0.0
1106	5	0.0
1106	6	0.0
1106	7	0.0
1106	8	0.0
1106	9	0.0
1106	10-11	0.0
1106	12-13	0.0
1106	14-15	0.0
1106	16-17	0.0
1106	18-19	0.0
1106	20-21	0.0
1106	22-23	0.0
1106	24-25	0.0
1106	26-27	0.0
1106	28-29	0.0
1106	30-31	0.0
1106	32-33	0.0
1106	34-35	0.0
1106	36-37	0.0
1106	38-39	0.0
1106	40-41	0.0
1106	42-43	0.0
1106	44-45	0.0
1106	46-47	0.0
1106	48-49	0.0
1106	50-51	0.0
1106	52-53	0.0
1106	54-55	0.0
1106	56-57	0.0
1106	58-59	0.0
1106	60-61	0.0
1106	62-63	0.0
1106	64-65	0.0
1106	66-67	0.0
1106	68-69	0.0
1106	70-71	0.0
1106	72-73	0.0
1106	74-75	0.0
1106	76-77	0.0
1106	78-79	0.0
1106	80-81	0.0
1106	82-83	0.0
1106	84-85	0.0
1106	86-87	0.0
1106	88-89	0.0
1106	90-91	0.0
1106	92-93	0.0
1106	94-95	0.0
1106	96-97	0.0
1106	98-99	0.0
1106	100-101	0.0
>>END_MODULE
>>Per sequence quality scores	pass
#Quality	Count
20	2.0
21	5.0
22	11.0
23	8.0
24	18.0
25	14.0
26	35.0
27	38.0
28	48.0
29	58.0
30	80.0
31	103.0
32	134.0
33	207.0
34	272.0
35	487.0
36	1361.0
37	6622.0
>>END_MODULE
>>Per base sequence content	warn
#Base	G	A	T	C
1	32.58970851310112	7.850152583394718	18.404714300747134	41.15542460275702
2	28.843523097969065	11.76470588235294	29.22235083657792	30.169420183100076
3	28.096390613490474	14.2165631905714	20.151531095443545	37.535515100494585
4	31.158581500578762	20.530358834052404	18.38366831526886	29.92739135009997
5	30.969167631274335	25.676102283489428	22.403451541618434	20.951278543617804
6	26.402188782489738	30.443017994317582	21.277491318530988	21.877301904661685
7	22.845417236662108	22.782279280227296	36.04125013153741	18.331053351573185
8	23.413658844575398	24.045038408923496	28.75933915605598	23.781963590445123
9	23.97137745974955	20.404082921182784	31.568978217405032	24.055561401662633
10-11	26.9914763758813	28.606755761338526	21.940439861096493	22.46132800168368
12-13	27.133536777859625	22.67178785646638	24.781647900662946	25.41302746501105
14-15	26.812585499316004	23.97663895611912	24.73429443333684	24.476481111228033
16-17	26.7810165210986	24.913185309902136	23.418920340944965	24.8868778280543
18-19	26.08123750394612	24.618541513206356	23.93454698516258	25.36567399768494
20-21	26.391665789750608	25.207829106597917	23.8661475323582	24.534357571293274
22-23	26.954645901294327	24.902662317163003	23.74513311585815	24.39755866568452
24-25	26.92833841944649	24.239713774597497	23.19793749342313	25.634010312532883
26-27	25.876039145532992	25.20256761022835	24.06608439440177	24.855308849836895
28-29	26.61264863727244	24.29759023466274	23.818794065032094	25.270967063032728
30-31	26.344312322424496	24.771124907923813	23.497842786488476	25.386719983163214
32-33	25.886562138272122	24.823739871619487	24.586972534988952	24.702725455119438
34-35	26.69157108281595	24.518573082184574	23.508365779227614	25.28149005577186
36-37	26.859938966642112	24.113437861727878	23.792486583184257	25.234136588445754
38-39	27.09045940114719	24.569804767668263	23.875177603536287	24.46455822764827
40-41	26.69192716556152	25.32891274602673	23.218608567519208	24.760551520892538
42-43	26.45928733091215	25.35922943312806	23.25911890099479	24.922364334964996
44-45	26.445193218911236	25.286932715594396	23.24944719385069	25.01842687164368
46-47	26.383695823898044	24.761704144504712	23.571541418716098	25.283058612881142
48-49	26.814494890972295	24.9604972084694	22.985357631939323	25.239650268618984
50-51	26.88336318617638	24.9130755452534	23.606574649668108	24.59698661890212
52-53	26.964219845075615	24.387416346103176	23.265005006059965	25.383358802761236
54-55	26.82026677914272	24.86423788685612	23.171824748246955	25.1436705857542
56-57	26.279989454257844	24.872132876351174	24.05483785921434	24.793039810176644
58-59	26.855123674911663	25.15690100733084	22.81525236010759	25.172722957649913
60-61	26.127551827820856	24.83515324154666	23.732658121010708	25.304636809621776
62-63	26.261080624736177	25.105529759392148	23.775854791051078	24.857534824820597
64-65	26.941145420955397	25.09897070467142	22.97703879651623	24.982845077856954
66-67	26.79938744257274	24.88778581612716	23.071236204256216	25.241590537043884
68-69	26.441215323645974	25.05151915455746	23.550858652575958	24.956406869220608
70-71	26.668076557047687	24.64840858623242	23.39536851009834	25.28814634662155
72-73	26.7322543108008	24.3837935047075	23.64328784512853	25.240664339363168
74-75	26.69594666102233	24.722192824637528	24.09778812572759	24.484072388612553
76-77	26.92775866631384	24.990738290553054	22.995501455411485	25.08600158772162
78-79	26.894360603653695	24.506221869208368	23.245962404024358	25.353455123113584
80-81	25.532478541909505	25.325845077884924	24.213203348521777	24.928473031683797
82-83	26.99363732767762	24.809119830328736	23.21845174973489	24.97879109225875
84-85	26.964503634530697	25.149891229373377	23.186714065899082	24.69889107019685
86-87	26.668436421555615	25.054419962835144	23.408547916113616	24.868595699495618
88-89	27.039949001274966	24.745006374840628	23.06098597535062	25.154058648533788
90-91	26.23525661459994	24.88045903729678	23.844437360535544	25.03984698756774
92-93	26.38770735857082	24.74478945129732	23.697362824330074	25.170140365801785
94-95	26.609556241353623	25.19953176545706	23.188251569649886	25.00266042353943
96-97	26.714224872231686	24.24936115843271	23.56260647359455	25.473807495741056
98-99	26.55409364512864	25.16379907313695	23.55510573696266	24.727001544771746
100-101	26.89153223616316	24.403888979414482	23.540274835696053	25.164303948726307
>>END_MODULE
>>Per sequence GC content	warn
#GC Content	Count
0	0.0
1	0.0
2	0.0
3	0.0
4	0.0
5	0.0
6	0.0
7	0.0
8	0.0
9	0.0
10	0.5
11	1.0
12	0.5
13	0.5
14	1.0
15	0.5
16	2.5
17	3.5
18	2.5
19	2.5
20	2.0
21	2.0
22	4.0
23	4.0
24	4.0
25	11.5
26	16.0
27	20.0
28	26.0
29	37.0
30	54.5
31	65.0
32	82.5
33	106.0
34	121.0
35	135.5
36	143.5
37	150.5
38	174.5
39	189.5
40	194.5
41	204.5
42	216.5
43	221.5
44	228.0
45	239.0
46	254.0
47	255.5
48	258.5
49	293.0
50	297.5
51	285.5
52	289.5
53	309.5
54	331.5
55	327.5
56	322.0
57	327.0
58	309.0
59	299.5
60	293.0
61	283.5
62	270.5
63	250.0
64	239.5
65	213.5
66	199.0
67	183.0
68	154.5
69	122.5
70	94.5
71	85.0
72	76.5
73	60.0
74	52.0
75	46.5
76	33.0
77	24.0
78	19.0
79	10.5
80	4.0
81	3.0
82	3.0
83	2.0
84	0.5
85	0.0
86	0.0
87	0.0
88	0.0
89	0.0
90	0.0
91	0.0
92	0.0
93	0.0
94	0.0
95	0.0
96	0.0
97	0.0
98	0.0
99	0.0
100	0.0
>>END_MODULE
>>Per base N content	pass
#Base	N-Count
1	0.0
2	0.0
3	0.0
4	0.0
5	0.0
6	0.0
7	0.0
8	0.0
9	0.0
10-11	0.0
12-13	0.0
14-15	0.0
16-17	0.0
18-19	0.0
20-21	0.0
22-23	0.0
24-25	0.0
26-27	0.0
28-29	0.0
30-31	0.0
32-33	0.0
34-35	0.0
36-37	0.0
38-39	0.0
40-41	0.0
42-43	0.0
44-45	0.0
46-47	0.0
48-49	0.0
50-51	0.0
52-53	0.0
54-55	0.0
56-57	0.0
58-59	0.0
60-61	0.0
62-63	0.0
64-65	0.0
66-67	0.0
68-69	0.0
70-71	0.0
72-73	0.0
74-75	0.0
76-77	0.0
78-79	0.0
80-81	0.0
82-83	0.0
84-85	0.0
86-87	0.0
88-89	0.0
90-91	0.0
92-93	0.0
94-95	0.0
96-97	0.0
98-99	0.0
100-101	0.0
>>END_MODULE
>>Sequence Length Distribution	warn
#Length	Count
36-37	1.0
38-39	1.0
40-41	1.0
42-43	3.0
44-45	2.0
46-47	1.0
48-49	2.0
50-51	2.0
52-53	6.0
54-55	1.0
56-57	1.0
58-59	3.0
60-61	3.0
62-63	1.0
64-65	6.0
66-67	5.0
68-69	5.0
70-71	5.0
72-73	5.0
74-75	1.0
76-77	4.0
78-79	6.0
80-81	7.0
82-83	4.0
84-85	8.0
86-87	6.0
88-89	2.0
90-91	5.0
92-93	8.0
94-95	5.0
96-97	3.0
98-99	39.0
100-101	9351.0
>>END_MODULE
>>Sequence Duplication Levels	pass
#Total Deduplicated Percentage	98.22161422708618
#Duplication Level	Percentage of deduplicated	Percentage of total
1	98.68223698307264	96.92728612017257
2	1.028497964431112	2.020414605913922
3	0.22498392971930575	0.6629485425655056
4	0.010713520462824084	0.042091970956540034
5	0.021427040925648167	0.1052299273913501
6	0.010713520462824084	0.06313795643481006
7	0.0	0.0
8	0.010713520462824084	0.08418394191308007
9	0.010713520462824084	0.09470693465221508
>10	0.0	0.0
>50	0.0	0.0
>100	0.0	0.0
>500	0.0	0.0
>1k	0.0	0.0
>5k	0.0	0.0
>10k+	0.0	0.0
>>END_MODULE
>>Overrepresented sequences	pass
>>END_MODULE
>>Adapter Content	pass
#Position	Illumina Universal Adapter	Illumina Small RNA 3' Adapter	Illumina Small RNA 5' Adapter	Nextera Transposase Sequence	SOLID Small RNA Adapter
1	0.0	0.0	0.0	0.0	0.0
2	0.0	0.0	0.0	0.0	0.0
3	0.0	0.0	0.0	0.0	0.0
4	0.0	0.0	0.0	0.0	0.0
5	0.0	0.0	0.0	0.0	0.0
6	0.0	0.0	0.0	0.0	0.0
7	0.0	0.0	0.0	0.0	0.0
8	0.0	0.0	0.0	0.0	0.0
9	0.0	0.0	0.0	0.0	0.0
10-11	0.0	0.0	0.0	0.0	0.0
12-13	0.0	0.0	0.0	0.0	0.0
14-15	0.0	0.0	0.0	0.0	0.0
16-17	0.0	0.0	0.0	0.0	0.0
18-19	0.0	0.0	0.0	0.0	0.0
20-21	0.0	0.0	0.0	0.0	0.0
22-23	0.0	0.0	0.0	0.0	0.0
24-25	0.0	0.0	0.0	0.0	0.0
26-27	0.0	0.0	0.0	0.0	0.0
28-29	0.0	0.0	0.0	0.0	0.0
30-31	0.0	0.0	0.0	0.0	0.0
32-33	0.0	0.0	0.0	0.0	0.0
34-35	0.0	0.0	0.0	0.0	0.0
36-37	0.0	0.0	0.0	0.0	0.0
38-39	0.0	0.0	0.0	0.0	0.0
40-41	0.0	0.0	0.0	0.0	0.0
42-43	0.0	0.0	0.0	0.0	0.0
44-45	0.0	0.0	0.0	0.0	0.0
46-47	0.0	0.0	0.0	0.0	0.0
48-49	0.0	0.0	0.0	0.0	0.0
50-51	0.0	0.0	0.0	0.0	0.0
52-53	0.0	0.0	0.0	0.0	0.0
54-55	0.0	0.0	0.0	0.0	0.0
56-57	0.0	0.0	0.0	0.0	0.0
58-59	0.0	0.0	0.0	0.0	0.0
60-61	0.0	0.0	0.0	0.0	0.0
62-63	0.0	0.0	0.0	0.0	0.0
64-65	0.0	0.0	0.0	0.0	0.0
66-67	0.0	0.0	0.0	0.0	0.0
68-69	0.0	0.0	0.0	0.0	0.0
70-71	0.0	0.0	0.0	0.0	0.0
72-73	0.0	0.0	0.0	0.0	0.0
74-75	0.0	0.0	0.0	0.0	0.0
76-77	0.0	0.0	0.0	0.0	0.0
78-79	0.0	0.0	0.0	0.0	0.0
80-81	0.0	0.0	0.0	0.0	0.0
82-83	0.0	0.0	0.0	0.0	0.0
84-85	0.0	0.0	0.0	0.0	0.0
86-87	0.0	0.0	0.0	0.0	0.0
88-89	0.0	0.0	0.0	0.0	0.0
>>END_MODULE
>>Kmer Content	warn
#Sequence	Count	PValue	Obs/Exp Max	Max Obs/Exp Position
GAGATCG	15	0.009228346	48.67838	94-95
>>END_MODULE
