##FastQC	0.11.5
>>Basic Statistics	pass
#Measure	Value
Filename	Macmini2_R1_cor_trim.fq.gz
File type	Conventional base calls
Encoding	Sanger / Illumina 1.9
Total Sequences	4504
Sequences flagged as poor quality	0
Sequence length	37-101
%GC	51
>>END_MODULE
>>Per base sequence quality	fail
#Base	Mean	Median	Lower Quartile	Upper Quartile	10th Percentile	90th Percentile
1	21.836145648312613	18.0	18.0	28.0	18.0	33.0
2	29.5253108348135	30.0	27.0	31.0	27.0	33.0
3	30.581927175843695	31.0	29.0	33.0	27.0	33.0
4	31.81682948490231	33.0	31.0	33.0	29.0	33.0
5	32.692051509769094	33.0	33.0	33.0	32.0	34.0
6	36.59436056838366	38.0	37.0	38.0	34.0	38.0
7	36.895648312611016	38.0	38.0	38.0	35.0	38.0
8	37.076598579040855	38.0	38.0	38.0	36.0	38.0
9	37.150976909413856	38.0	38.0	38.0	36.0	38.0
10-11	37.227908525754884	38.0	38.0	38.0	36.5	38.0
12-13	37.32726465364121	38.0	38.0	38.0	37.0	38.0
14-15	37.243117229129666	38.0	38.0	38.0	37.0	38.0
16-17	37.28141651865009	38.0	38.0	38.0	37.0	38.0
18-19	37.28285968028419	38.0	38.0	38.0	37.0	38.0
20-21	37.291296625222024	38.0	38.0	38.0	37.0	38.0
22-23	37.2827486678508	38.0	38.0	38.0	37.0	38.0
24-25	37.318272646536414	38.0	38.0	38.0	37.0	38.0
26-27	37.32615452930728	38.0	38.0	38.0	37.0	38.0
28-29	37.28607904085258	38.0	38.0	38.0	37.0	38.0
30-31	37.26887211367673	38.0	38.0	38.0	37.0	38.0
32-33	37.25666074600355	38.0	38.0	38.0	37.0	38.0
34-35	37.29851243339254	38.0	38.0	38.0	37.0	38.0
36-37	37.306727353463586	38.0	38.0	38.0	37.0	38.0
38-39	37.29206300395225	38.0	38.0	38.0	37.0	38.0
40-41	37.25399822301199	38.0	38.0	38.0	37.0	38.0
42-43	37.16814749000444	38.0	38.0	38.0	37.0	38.0
44-45	37.23125099501557	38.0	38.0	38.0	37.0	38.0
46-47	37.25736331530463	38.0	38.0	38.0	37.0	38.0
48-49	37.182929539897756	38.0	38.0	38.0	36.5	38.0
50-51	37.148729663592874	38.0	38.0	38.0	36.0	38.0
52-53	37.172387807566714	38.0	38.0	38.0	36.0	38.0
54-55	37.11608418180532	38.0	38.0	38.0	36.0	38.0
56-57	37.13991540516474	38.0	38.0	38.0	36.5	38.0
58-59	37.145480854853076	38.0	38.0	38.0	36.0	38.0
60-61	37.08250537204079	38.0	38.0	38.0	36.0	38.0
62-63	36.95963384446927	38.0	38.0	38.0	35.5	38.0
64-65	37.044389892592555	38.0	38.0	38.0	36.0	38.0
66-67	37.03113144387414	38.0	38.0	38.0	36.0	38.0
68-69	37.03528338429268	38.0	38.0	38.0	36.0	38.0
70-71	37.01474390726732	38.0	38.0	38.0	35.5	38.0
72-73	36.99116923764811	38.0	38.0	38.0	35.5	38.0
74-75	36.96038400752768	38.0	38.0	38.0	35.0	38.0
76-77	36.97477221460703	38.0	38.0	38.0	35.5	38.0
78-79	36.78224168945947	38.0	38.0	38.0	35.0	38.0
80-81	36.79064567688353	38.0	38.0	38.0	35.0	38.0
82-83	36.760991082857956	38.0	38.0	38.0	35.0	38.0
84-85	36.760408705217394	38.0	38.0	38.0	35.0	38.0
86-87	36.61607345273181	38.0	38.0	38.0	34.5	38.0
88-89	36.61215695168973	38.0	38.0	38.0	34.0	38.0
90-91	36.688593479808766	38.0	38.0	38.0	34.5	38.0
92-93	36.54451492288175	38.0	38.0	38.0	34.0	38.0
94-95	36.58693548025937	38.0	38.0	38.0	34.0	38.0
96-97	36.53361395646607	38.0	38.0	38.0	34.0	38.0
98-99	36.48431717610268	38.0	38.0	38.0	34.0	38.0
100-101	35.67829377929128	38.0	36.0	38.0	31.0	38.0
>>END_MODULE
>>Per tile sequence quality	pass
#Tile	Base	Mean
1103	1	0.0
1103	2	0.0
1103	3	0.0
1103	4	0.0
1103	5	0.0
1103	6	0.0
1103	7	0.0
1103	8	0.0
1103	9	0.0
1103	10-11	0.0
1103	12-13	0.0
1103	14-15	0.0
1103	16-17	0.0
1103	18-19	0.0
1103	20-21	0.0
1103	22-23	0.0
1103	24-25	0.0
1103	26-27	0.0
1103	28-29	0.0
1103	30-31	0.0
1103	32-33	0.0
1103	34-35	0.0
1103	36-37	0.0
1103	38-39	0.0
1103	40-41	0.0
1103	42-43	0.0
1103	44-45	0.0
1103	46-47	0.0
1103	48-49	0.0
1103	50-51	0.0
1103	52-53	0.0
1103	54-55	0.0
1103	56-57	0.0
1103	58-59	0.0
1103	60-61	0.0
1103	62-63	0.0
1103	64-65	0.0
1103	66-67	0.0
1103	68-69	0.0
1103	70-71	0.0
1103	72-73	0.0
1103	74-75	0.0
1103	76-77	0.0
1103	78-79	0.0
1103	80-81	0.0
1103	82-83	0.0
1103	84-85	0.0
1103	86-87	0.0
1103	88-89	0.0
1103	90-91	0.0
1103	92-93	0.0
1103	94-95	0.0
1103	96-97	0.0
1103	98-99	0.0
1103	100-101	0.0
>>END_MODULE
>>Per sequence quality scores	pass
#Quality	Count
19	1.0
20	1.0
21	2.0
22	6.0
23	4.0
24	3.0
25	10.0
26	21.0
27	18.0
28	20.0
29	28.0
30	45.0
31	43.0
32	69.0
33	85.0
34	108.0
35	215.0
36	684.0
37	3141.0
>>END_MODULE
>>Per base sequence content	warn
#Base	G	A	T	C
1	31.860568383658972	8.481349911190053	18.006216696269984	41.651865008880996
2	27.975133214920074	11.05683836589698	30.728241563055064	30.239786856127886
3	25.133214920071044	14.631438721136766	22.158081705150977	38.07726465364121
4	29.928952042628776	21.758436944937834	19.316163410301954	28.996447602131436
5	30.95026642984014	26.576376554174068	22.2246891651865	20.24866785079929
6	25.288632326820604	31.904973357015987	22.04706927175844	20.75932504440497
7	24.02309058614565	21.58081705150977	36.43428063943161	17.961811722912966
8	22.513321492007105	23.401420959147423	30.21758436944938	23.867673179396093
9	23.712255772646536	20.892539964476022	32.37122557726465	23.02397868561279
10-11	26.98712255772647	28.707815275310832	21.858348134991118	22.44671403197158
12-13	27.75310834813499	22.124777975133213	25.122113676731793	25.0
14-15	25.72158081705151	25.133214920071044	25.033303730017764	24.111900532859682
16-17	27.386767317939608	24.134103019538188	23.8898756660746	24.589253996447603
18-19	26.321047957371224	24.467140319715806	24.211811722912966	25.0
20-21	26.321047957371224	25.011101243339258	24.07859680284192	24.589253996447603
22-23	27.120337477797513	24.866785079928952	23.11278863232682	24.900088809946713
24-25	25.95470692717584	24.42273534635879	24.33392539964476	25.288632326820604
26-27	26.332149200710482	25.44404973357016	23.678952042628772	24.54484902309059
28-29	26.620781527531083	24.75577264653641	23.912078152753107	24.711367673179396
30-31	26.50976909413854	24.900088809946713	24.156305506216697	24.433836589698046
32-33	26.309946714031973	25.78818827708703	24.256216696269984	23.645648312611012
34-35	26.099023090586144	24.933392539964476	23.612344582593252	25.355239786856128
36-37	26.676287744227356	25.177619893428066	23.590142095914743	24.55595026642984
38-39	26.60744031093837	24.85285952248751	24.175458078845086	24.36424208772904
40-41	26.943580630830745	24.311417147934254	24.11150599733452	24.63349622390049
42-43	25.877387827632166	24.144824522434476	24.033762772101287	25.94402487783207
44-45	26.491169610129955	24.514050871931577	23.98089525713651	25.013884260801955
46-47	25.947327480831206	25.391710190021115	22.858095343927104	25.80286698522058
48-49	26.505890197821742	25.0166703711936	23.39408757501667	25.083351855967994
50-51	26.60071142730102	25.3223654957759	24.13294797687861	23.943975100044465
52-53	27.027027027027028	24.53564675786898	22.989656322989656	25.447669892114337
54-55	26.688925987757372	24.841402337228715	23.260990539788537	25.208681135225376
56-57	26.135351736420304	25.244879786286734	24.08726625111309	24.532502226179876
58-59	26.936776491540513	25.71237756010686	21.96126447016919	25.389581478183437
60-61	25.82117804253424	25.30898563634339	23.716735330141407	25.15310099098096
62-63	26.03319594519327	25.56533363038877	22.980951320040102	25.420519104377853
64-65	26.86517229842757	24.355971896955502	23.664547786327645	25.114308018289282
66-67	25.775496540950684	25.440749832626647	23.320687346574427	25.463066279848245
68-69	26.75600223338917	24.98045784477945	23.238414293690678	25.025125628140703
70-71	27.11220384443451	23.96066160035762	23.03308001788109	25.894054537326777
72-73	27.733065057008723	23.921305611446456	23.95484015202325	24.390789179521573
74-75	26.953212446832325	24.66980076113723	23.65122005820461	24.725766733825836
76-77	26.97611839892365	25.036439062675186	22.984639533579998	25.002803004821168
78-79	27.368775991907384	24.952231089131168	23.34494773519164	24.33404518376981
80-81	26.565315315315313	25.563063063063062	22.75900900900901	25.11261261261261
82-83	26.427443015120737	25.513428120063192	23.109907470097042	24.949221394719025
84-85	26.333069172421602	24.64621306464395	23.842409147515	25.178308615419446
86-87	26.637950578100206	24.82430287916572	23.44139650872818	25.096350034005894
88-89	26.91086414152869	24.676797459741437	22.499432977999547	25.912905420730326
90-91	26.761202495745888	25.184344866704482	23.3011911514464	24.753261486103234
92-93	27.327429609445957	24.716167120799273	23.29700272479564	24.65940054495913
94-95	27.279954571266323	24.98580352072686	22.328222600795	25.406019307211814
96-97	26.528061804135422	25.164735287434674	23.744603499204725	24.562599409225175
98-99	27.421555252387446	25.534333788085494	23.40836743974534	23.63574351978172
100-101	27.078495123084068	25.18578727357176	22.61960055736182	25.11611704598235
>>END_MODULE
>>Per sequence GC content	fail
#GC Content	Count
0	0.0
1	0.0
2	0.0
3	0.0
4	0.0
5	0.0
6	0.0
7	0.0
8	0.0
9	0.0
10	0.0
11	0.0
12	0.0
13	0.0
14	0.0
15	0.5
16	2.0
17	4.5
18	3.5
19	1.0
20	2.0
21	4.0
22	2.5
23	1.5
24	2.5
25	4.5
26	6.0
27	7.5
28	13.0
29	21.0
30	31.0
31	35.5
32	38.5
33	47.0
34	53.5
35	57.5
36	65.5
37	69.5
38	69.0
39	78.5
40	94.0
41	102.5
42	118.5
43	128.0
44	132.5
45	140.0
46	135.5
47	125.0
48	122.5
49	141.5
50	154.0
51	136.5
52	122.0
53	137.5
54	144.5
55	145.0
56	150.0
57	148.0
58	131.0
59	137.5
60	154.5
61	134.5
62	122.5
63	121.5
64	108.0
65	89.5
66	86.5
67	82.5
68	72.0
69	67.5
70	52.5
71	38.0
72	33.0
73	26.5
74	22.0
75	19.5
76	16.5
77	11.5
78	7.0
79	8.5
80	6.0
81	1.0
82	1.0
83	1.0
84	0.5
85	0.5
86	0.5
87	0.0
88	0.0
89	0.0
90	0.0
91	0.0
92	0.0
93	0.0
94	0.0
95	0.0
96	0.0
97	0.0
98	0.0
99	0.0
100	0.0
>>END_MODULE
>>Per base N content	pass
#Base	N-Count
1	0.0
2	0.0
3	0.0
4	0.0
5	0.0
6	0.0
7	0.0
8	0.0
9	0.0
10-11	0.0
12-13	0.0
14-15	0.0
16-17	0.0
18-19	0.0
20-21	0.0
22-23	0.0
24-25	0.0
26-27	0.0
28-29	0.0
30-31	0.0
32-33	0.0
34-35	0.0
36-37	0.0
38-39	0.0
40-41	0.0
42-43	0.0
44-45	0.0
46-47	0.0
48-49	0.0
50-51	0.0
52-53	0.0
54-55	0.0
56-57	0.0
58-59	0.0
60-61	0.0
62-63	0.0
64-65	0.0
66-67	0.0
68-69	0.0
70-71	0.0
72-73	0.0
74-75	0.0
76-77	0.0
78-79	0.0
80-81	0.0
82-83	0.0
84-85	0.0
86-87	0.0
88-89	0.0
90-91	0.0
92-93	0.0
94-95	0.0
96-97	0.0
98-99	0.0
100-101	0.0
>>END_MODULE
>>Sequence Length Distribution	warn
#Length	Count
36-37	1.0
38-39	1.0
40-41	0.0
42-43	0.0
44-45	2.0
46-47	1.0
48-49	0.0
50-51	2.0
52-53	4.0
54-55	1.0
56-57	0.0
58-59	1.0
60-61	1.0
62-63	6.0
64-65	3.0
66-67	3.0
68-69	3.0
70-71	2.0
72-73	5.0
74-75	8.0
76-77	9.0
78-79	8.0
80-81	10.0
82-83	12.0
84-85	10.0
86-87	2.0
88-89	1.0
90-91	3.0
92-93	2.0
94-95	1.0
96-97	3.0
98-99	24.0
100-101	4375.0
>>END_MODULE
>>Sequence Duplication Levels	pass
#Total Deduplicated Percentage	98.97868561278862
#Duplication Level	Percentage of deduplicated	Percentage of total
1	99.0354419021983	98.02397868561279
2	0.8972633467922835	1.7761989342806392
3	0.06729475100942127	0.19982238010657194
4	0.0	0.0
5	0.0	0.0
6	0.0	0.0
7	0.0	0.0
8	0.0	0.0
9	0.0	0.0
>10	0.0	0.0
>50	0.0	0.0
>100	0.0	0.0
>500	0.0	0.0
>1k	0.0	0.0
>5k	0.0	0.0
>10k+	0.0	0.0
>>END_MODULE
>>Overrepresented sequences	pass
>>END_MODULE
>>Adapter Content	pass
#Position	Illumina Universal Adapter	Illumina Small RNA 3' Adapter	Illumina Small RNA 5' Adapter	Nextera Transposase Sequence	SOLID Small RNA Adapter
1	0.0	0.0	0.0	0.0	0.0
2	0.0	0.0	0.0	0.0	0.0
3	0.0	0.0	0.0	0.0	0.0
4	0.0	0.0	0.0	0.0	0.0
5	0.0	0.0	0.0	0.0	0.0
6	0.0	0.0	0.0	0.0	0.0
7	0.0	0.0	0.0	0.0	0.0
8	0.0	0.0	0.0	0.0	0.0
9	0.0	0.0	0.0	0.0	0.0
10-11	0.0	0.0	0.0	0.0	0.0
12-13	0.0	0.0	0.0	0.0	0.0
14-15	0.0	0.0	0.0	0.0	0.0
16-17	0.0	0.0	0.0	0.0	0.0
18-19	0.0	0.0	0.0	0.0	0.0
20-21	0.0	0.0	0.0	0.0	0.0
22-23	0.0	0.0	0.0	0.0	0.0
24-25	0.0	0.0	0.0	0.0	0.0
26-27	0.0	0.0	0.0	0.0	0.0
28-29	0.0	0.0	0.0	0.0	0.0
30-31	0.0	0.0	0.0	0.0	0.0
32-33	0.0	0.0	0.0	0.0	0.0
34-35	0.0	0.0	0.0	0.0	0.0
36-37	0.0	0.0	0.0	0.0	0.0
38-39	0.0	0.0	0.0	0.0	0.0
40-41	0.0	0.0	0.0	0.0	0.0
42-43	0.0	0.0	0.0	0.0	0.0
44-45	0.0	0.0	0.0	0.0	0.0
46-47	0.0	0.0	0.0	0.0	0.0
48-49	0.0	0.0	0.0	0.0	0.0
50-51	0.0	0.0	0.0	0.0	0.0
52-53	0.0	0.0	0.0	0.0	0.0
54-55	0.0	0.0	0.0	0.0	0.0
56-57	0.0	0.0	0.0	0.0	0.0
58-59	0.0	0.0	0.0	0.0	0.0
60-61	0.0	0.0	0.0	0.0	0.0
62-63	0.0	0.0	0.0	0.0	0.0
64-65	0.0	0.0	0.0	0.0	0.0
66-67	0.0	0.0	0.0	0.0	0.0
68-69	0.0	0.0	0.0	0.0	0.0
70-71	0.0	0.0	0.0	0.0	0.0
72-73	0.0	0.0	0.0	0.0	0.0
74-75	0.0	0.0	0.0	0.0	0.0
76-77	0.0	0.0	0.0	0.0	0.0
78-79	0.0	0.0	0.0	0.0	0.0
80-81	0.0	0.0	0.0	0.0	0.0
82-83	0.0	0.0	0.0	0.0	0.0
84-85	0.08880994671403197	0.0	0.0	0.0	0.0
86-87	0.4107460035523979	0.0	0.0	0.0	0.0
88-89	0.8992007104795737	0.0	0.0	0.0	0.0
>>END_MODULE
>>Kmer Content	pass
>>END_MODULE
